datetime:2024-04-16 22:28:08.325133, modeltype:Logistic Regression, vocabulary size:5000, acc:0.9684688271359184, f1:0.9469737546866631, humoracc:0.9266247379454927, factacc:0.986732242937207
datetime:2024-04-16 22:28:08.418391, modeltype:Naive Bayes, vocabulary size:5000, acc:0.9663985986145394, f1:0.9437408345553926, humoracc:0.927541928721174, factacc:0.9833581150634794
datetime:2024-04-16 22:28:08.998747, modeltype:Support Vector Machine, vocabulary size:5000, acc:0.9717732303527351, f1:0.953173502410673, humoracc:0.9454926624737946, factacc:0.9832437378474208
datetime:2024-04-16 22:28:14.304927, modeltype:Random Forest, vocabulary size:5000, acc:0.8121267616848475, f1:0.5533364884051112, humoracc:0.38299266247379454, factacc:0.9994281139197072
